1
2
3
4
5
6
7
8
9
10
11
12
13
14
15
16
17
18
19
20
21
22
23
24
25
26
27
28
29
30
31
32
33
34
35
36
37
38
39
40
41
42
43
44
45
46
47
48
49
50
51
52
53
54
55
56
57
58
59
60
61
62
63
64
65
66
67
68
69
70
71
72
73
74
75
76
77
78
79
80
81
82
83
84
85
86
87
88
89
90
91
Execution Time of Excluded: 3761.410903930664
1
2
3
4
5
6
7
8
9
10
11
12
13
14
15
16
17
18
19
20
21
22
23
24
25
26
27
28
29
30
31
32
33
34
35
36
37
38
39
40
41
42
43
44
45
46
47
48
49
50
51
52
53
54
55
56
57
58
59
60
61
62
63
64
65
66
67
68
69
70
71
72
73
74
75
76
77
78
79
80
81
82
83
84
85
86
87
88
89
90
91
92
93
94
95
96
97
98
99
100
101
Execution Time of Included: 3761.410903930664
Accuracies Race Data Excluded: 
[array([[0.36746988, 0.35843373, 0.32981928, 0.32981928, 0.35843373]]), array([[0.38704819, 0.34186747, 0.34036145, 0.32981928, 0.39457831]]), array([[0.37198795, 0.36144578, 0.29066265, 0.32981928, 0.35542169]]), array([[0.35542169, 0.32078313, 0.32379518, 0.32981928, 0.34337349]]), array([[0.35542169, 0.31174699, 0.34337349, 0.32981928, 0.3373494 ]]), array([[0.3689759 , 0.33584337, 0.33584337, 0.32981928, 0.36445783]]), array([[0.36295181, 0.33283133, 0.33433735, 0.32981928, 0.36596386]]), array([[0.34487952, 0.33433735, 0.36144578, 0.32981928, 0.35391566]]), array([[0.33283133, 0.32831325, 0.34789157, 0.32981928, 0.36144578]]), array([[0.34036145, 0.34036145, 0.35843373, 0.32981928, 0.34487952]]), array([[0.33283133, 0.3253012 , 0.37650602, 0.32981928, 0.34789157]]), array([[0.31777108, 0.31777108, 0.37048193, 0.32981928, 0.35542169]]), array([[0.32379518, 0.31777108, 0.35542169, 0.32981928, 0.36445783]]), array([[0.32379518, 0.31024096, 0.375     , 0.32981928, 0.36596386]]), array([[0.31024096, 0.30722892, 0.36596386, 0.32981928, 0.35090361]]), array([[0.29668675, 0.31174699, 0.35240964, 0.32981928, 0.35090361]]), array([[0.29668675, 0.31626506, 0.34337349, 0.32981928, 0.35391566]]), array([[0.29819277, 0.31024096, 0.34036145, 0.32981928, 0.35391566]]), array([[0.29518072, 0.30120482, 0.34337349, 0.32981928, 0.33885542]]), array([[0.31325301, 0.31325301, 0.34487952, 0.32981928, 0.34337349]]), array([[0.31475904, 0.3253012 , 0.34789157, 0.32981928, 0.35240964]]), array([[0.30873494, 0.31626506, 0.35843373, 0.32981928, 0.35391566]]), array([[0.30722892, 0.31927711, 0.36445783, 0.32981928, 0.35542169]]), array([[0.30873494, 0.33584337, 0.36295181, 0.32981928, 0.34939759]]), array([[0.2996988 , 0.32078313, 0.34638554, 0.32981928, 0.33433735]]), array([[0.28463855, 0.31626506, 0.36596386, 0.32981928, 0.33433735]]), array([[0.28463855, 0.34638554, 0.36596386, 0.32981928, 0.35542169]]), array([[0.28463855, 0.36445783, 0.35993976, 0.32981928, 0.35542169]]), array([[0.2936747 , 0.36295181, 0.37048193, 0.32981928, 0.35391566]]), array([[0.2936747 , 0.38253012, 0.36144578, 0.32981928, 0.35993976]]), array([[0.29216867, 0.37951807, 0.35240964, 0.32981928, 0.36445783]]), array([[0.2936747 , 0.37801205, 0.3689759 , 0.32981928, 0.35993976]]), array([[0.29518072, 0.375     , 0.37048193, 0.32981928, 0.35993976]]), array([[0.2936747 , 0.37801205, 0.35843373, 0.32981928, 0.36144578]]), array([[0.28012048, 0.37198795, 0.36295181, 0.32981928, 0.36295181]]), array([[0.2936747 , 0.37951807, 0.3689759 , 0.32981928, 0.36746988]]), array([[0.2936747 , 0.37048193, 0.375     , 0.32981928, 0.35391566]]), array([[0.31325301, 0.36445783, 0.37048193, 0.32981928, 0.36144578]]), array([[0.31475904, 0.35993976, 0.37801205, 0.32981928, 0.3689759 ]]), array([[0.30271084, 0.35240964, 0.37951807, 0.32981928, 0.36295181]]), array([[0.2996988 , 0.35542169, 0.36746988, 0.32981928, 0.36295181]]), array([[0.31024096, 0.35391566, 0.37048193, 0.32981928, 0.37048193]]), array([[0.31325301, 0.35542169, 0.3689759 , 0.32981928, 0.3689759 ]]), array([[0.31325301, 0.34638554, 0.37048193, 0.32981928, 0.36746988]]), array([[0.30421687, 0.34939759, 0.36295181, 0.32981928, 0.36144578]]), array([[0.30120482, 0.34186747, 0.37048193, 0.32981928, 0.35993976]]), array([[0.2936747 , 0.35391566, 0.37801205, 0.32981928, 0.36445783]]), array([[0.28463855, 0.35240964, 0.37198795, 0.32981928, 0.35993976]]), array([[0.29819277, 0.35090361, 0.35843373, 0.32981928, 0.35993976]]), array([[0.2876506 , 0.35090361, 0.35843373, 0.32981928, 0.34337349]]), array([[0.28313253, 0.35240964, 0.35692771, 0.32981928, 0.34638554]]), array([[0.28463855, 0.35542169, 0.35542169, 0.32981928, 0.34337349]]), array([[0.28313253, 0.34789157, 0.35692771, 0.32981928, 0.34487952]]), array([[0.27409639, 0.35090361, 0.36746988, 0.32981928, 0.34789157]]), array([[0.26957831, 0.34789157, 0.36746988, 0.32981928, 0.34939759]]), array([[0.27108434, 0.34638554, 0.36596386, 0.32981928, 0.34939759]]), array([[0.27710843, 0.34487952, 0.36596386, 0.32981928, 0.34789157]]), array([[0.27710843, 0.34789157, 0.36746988, 0.32981928, 0.35090361]]), array([[0.32981928, 0.35090361, 0.39307229, 0.34337349, 0.39909639]]), array([[0.3373494 , 0.34487952, 0.38855422, 0.34186747, 0.39909639]]), array([[0.3373494 , 0.34337349, 0.39307229, 0.34337349, 0.39759036]]), array([[0.33885542, 0.34487952, 0.39156627, 0.34337349, 0.39759036]]), array([[0.34036145, 0.34337349, 0.39307229, 0.34337349, 0.39608434]]), array([[0.34036145, 0.34487952, 0.39457831, 0.34337349, 0.40060241]]), array([[0.34337349, 0.34487952, 0.39006024, 0.34186747, 0.39457831]]), array([[0.34638554, 0.34638554, 0.39759036, 0.34186747, 0.39759036]]), array([[0.35843373, 0.34186747, 0.39156627, 0.34186747, 0.39608434]]), array([[0.35993976, 0.3313253 , 0.38855422, 0.34186747, 0.39156627]]), array([[0.35542169, 0.33283133, 0.39759036, 0.34186747, 0.38554217]]), array([[0.35391566, 0.3313253 , 0.40060241, 0.34186747, 0.39156627]]), array([[0.34789157, 0.33283133, 0.40060241, 0.34036145, 0.39608434]]), array([[0.34939759, 0.3313253 , 0.39307229, 0.34036145, 0.39608434]]), array([[0.35240964, 0.33433735, 0.39006024, 0.34036145, 0.39156627]]), array([[0.34638554, 0.33584337, 0.38403614, 0.34036145, 0.38704819]]), array([[0.34789157, 0.3313253 , 0.38253012, 0.34036145, 0.38253012]]), array([[0.35240964, 0.33283133, 0.375     , 0.34036145, 0.3810241 ]]), array([[0.34487952, 0.33433735, 0.36295181, 0.3373494 , 0.37349398]]), array([[0.34939759, 0.32981928, 0.36746988, 0.3373494 , 0.37801205]]), array([[0.34789157, 0.32680723, 0.37048193, 0.3373494 , 0.37650602]]), array([[0.34939759, 0.3313253 , 0.37198795, 0.3373494 , 0.37951807]]), array([[0.34789157, 0.32981928, 0.37801205, 0.3373494 , 0.375     ]]), array([[0.34036145, 0.33433735, 0.37048193, 0.3373494 , 0.37198795]]), array([[0.34036145, 0.33283133, 0.3689759 , 0.3373494 , 0.36746988]]), array([[0.3373494 , 0.3373494 , 0.36445783, 0.3373494 , 0.36746988]]), array([[0.34487952, 0.33885542, 0.36295181, 0.33584337, 0.37198795]]), array([[0.34487952, 0.3313253 , 0.35843373, 0.33584337, 0.36596386]]), array([[0.34638554, 0.32680723, 0.35240964, 0.3373494 , 0.36596386]]), array([[0.32228916, 0.32981928, 0.3313253 , 0.3373494 , 0.35240964]]), array([[0.32228916, 0.32831325, 0.32981928, 0.3373494 , 0.34939759]]), array([[0.32228916, 0.32981928, 0.3253012 , 0.3373494 , 0.34186747]]), array([[0.32379518, 0.32831325, 0.33433735, 0.3373494 , 0.34789157]])]
Accuracies Race Data Included: 
[array([[0.35391566, 0.34638554, 0.2936747 , 0.32078313, 0.32831325]]), array([[0.3810241 , 0.35391566, 0.35090361, 0.32078313, 0.40813253]]), array([[0.36295181, 0.34186747, 0.33584337, 0.32078313, 0.35542169]]), array([[0.34186747, 0.37951807, 0.34036145, 0.32078313, 0.37349398]]), array([[0.3373494 , 0.34939759, 0.33283133, 0.32078313, 0.36596386]]), array([[0.35240964, 0.36445783, 0.36295181, 0.32078313, 0.3689759 ]]), array([[0.35542169, 0.29819277, 0.36596386, 0.32078313, 0.36445783]]), array([[0.34789157, 0.31927711, 0.3689759 , 0.32078313, 0.37048193]]), array([[0.35240964, 0.32981928, 0.38704819, 0.32078313, 0.37951807]]), array([[0.35843373, 0.34939759, 0.38554217, 0.32078313, 0.40210843]]), array([[0.35542169, 0.33885542, 0.37801205, 0.32078313, 0.37801205]]), array([[0.35692771, 0.34337349, 0.39307229, 0.32078313, 0.3810241 ]]), array([[0.34638554, 0.34487952, 0.39608434, 0.32078313, 0.3810241 ]]), array([[0.3373494 , 0.34638554, 0.40662651, 0.32078313, 0.3810241 ]]), array([[0.32379518, 0.34638554, 0.38855422, 0.32078313, 0.37801205]]), array([[0.3373494 , 0.3373494 , 0.39457831, 0.32078313, 0.38403614]]), array([[0.32228916, 0.34939759, 0.37650602, 0.32078313, 0.36596386]]), array([[0.31024096, 0.33283133, 0.39307229, 0.32078313, 0.36144578]]), array([[0.29819277, 0.34337349, 0.38704819, 0.32078313, 0.35090361]]), array([[0.29668675, 0.34487952, 0.38855422, 0.32078313, 0.34939759]]), array([[0.29066265, 0.34337349, 0.38253012, 0.32078313, 0.34337349]]), array([[0.30722892, 0.3373494 , 0.37951807, 0.32078313, 0.34337349]]), array([[0.30572289, 0.34939759, 0.37951807, 0.32078313, 0.35391566]]), array([[0.31927711, 0.35090361, 0.375     , 0.32078313, 0.35843373]]), array([[0.31777108, 0.34789157, 0.37650602, 0.32078313, 0.36445783]]), array([[0.31325301, 0.35692771, 0.36746988, 0.32078313, 0.36746988]]), array([[0.31777108, 0.35391566, 0.37349398, 0.32078313, 0.37198795]]), array([[0.31626506, 0.35090361, 0.38554217, 0.32078313, 0.37349398]]), array([[0.31626506, 0.35843373, 0.38253012, 0.32078313, 0.37801205]]), array([[0.31626506, 0.37349398, 0.3810241 , 0.32078313, 0.38253012]]), array([[0.2936747 , 0.375     , 0.38253012, 0.32078313, 0.3810241 ]]), array([[0.2936747 , 0.3810241 , 0.37650602, 0.32078313, 0.37349398]]), array([[0.28162651, 0.37951807, 0.37349398, 0.32078313, 0.37198795]]), array([[0.32228916, 0.37801205, 0.36746988, 0.32078313, 0.37048193]]), array([[0.32228916, 0.37951807, 0.3689759 , 0.32078313, 0.37198795]]), array([[0.3253012 , 0.38704819, 0.37198795, 0.32078313, 0.38403614]]), array([[0.32680723, 0.38403614, 0.37951807, 0.32078313, 0.38403614]]), array([[0.3253012 , 0.37951807, 0.37801205, 0.32078313, 0.3810241 ]]), array([[0.32680723, 0.38253012, 0.37349398, 0.32078313, 0.37951807]]), array([[0.33584337, 0.38704819, 0.37349398, 0.32078313, 0.38253012]]), array([[0.3313253 , 0.38403614, 0.37048193, 0.32078313, 0.38554217]]), array([[0.33283133, 0.3810241 , 0.35843373, 0.32078313, 0.3810241 ]]), array([[0.33283133, 0.36596386, 0.36144578, 0.32078313, 0.38403614]]), array([[0.32831325, 0.36295181, 0.35692771, 0.32078313, 0.3689759 ]]), array([[0.33433735, 0.36144578, 0.36144578, 0.32078313, 0.37198795]]), array([[0.33433735, 0.36445783, 0.36295181, 0.32078313, 0.37801205]]), array([[0.33433735, 0.34638554, 0.35993976, 0.32078313, 0.3689759 ]]), array([[0.32379518, 0.34487952, 0.35692771, 0.32078313, 0.36445783]]), array([[0.31777108, 0.34939759, 0.35692771, 0.32078313, 0.36596386]]), array([[0.31626506, 0.34939759, 0.35993976, 0.32078313, 0.37951807]]), array([[0.31024096, 0.34337349, 0.36295181, 0.32078313, 0.36746988]]), array([[0.31325301, 0.34939759, 0.36295181, 0.32078313, 0.35843373]]), array([[0.29668675, 0.34186747, 0.34337349, 0.32078313, 0.34487952]]), array([[0.29518072, 0.34186747, 0.35240964, 0.32078313, 0.34638554]]), array([[0.28162651, 0.34789157, 0.34487952, 0.32078313, 0.34487952]]), array([[0.28162651, 0.34186747, 0.34036145, 0.32078313, 0.3373494 ]]), array([[0.2936747 , 0.34186747, 0.34337349, 0.32078313, 0.35240964]]), array([[0.29518072, 0.34186747, 0.34939759, 0.32078313, 0.34939759]]), array([[0.2936747 , 0.34487952, 0.35993976, 0.32078313, 0.35542169]]), array([[0.2876506 , 0.34186747, 0.36445783, 0.32078313, 0.34939759]]), array([[0.2876506 , 0.34186747, 0.36596386, 0.32078313, 0.35240964]]), array([[0.28463855, 0.34487952, 0.35993976, 0.32078313, 0.34487952]]), array([[0.2996988 , 0.34337349, 0.36144578, 0.32078313, 0.35240964]]), array([[0.31777108, 0.34638554, 0.38554217, 0.32078313, 0.36144578]]), array([[0.32078313, 0.34337349, 0.38704819, 0.32078313, 0.36445783]]), array([[0.32078313, 0.34186747, 0.38855422, 0.32078313, 0.3689759 ]]), array([[0.32078313, 0.34638554, 0.39156627, 0.32078313, 0.3810241 ]]), array([[0.31777108, 0.34939759, 0.38704819, 0.32078313, 0.37801205]]), array([[0.32831325, 0.34638554, 0.38554217, 0.32078313, 0.38253012]]), array([[0.32831325, 0.34789157, 0.39006024, 0.31927711, 0.38253012]]), array([[0.32379518, 0.34939759, 0.38704819, 0.31777108, 0.37349398]]), array([[0.3253012 , 0.34939759, 0.37349398, 0.31777108, 0.3689759 ]]), array([[0.3253012 , 0.34939759, 0.36596386, 0.31927711, 0.36596386]]), array([[0.32981928, 0.35090361, 0.37801205, 0.31777108, 0.37801205]]), array([[0.32981928, 0.34638554, 0.38554217, 0.31777108, 0.38253012]]), array([[0.3313253 , 0.35240964, 0.37951807, 0.31777108, 0.3810241 ]]), array([[0.32831325, 0.35542169, 0.375     , 0.31777108, 0.3810241 ]]), array([[0.32981928, 0.35391566, 0.37349398, 0.31777108, 0.3810241 ]]), array([[0.3313253 , 0.34487952, 0.37048193, 0.31777108, 0.375     ]]), array([[0.33283133, 0.34939759, 0.37650602, 0.31777108, 0.37801205]]), array([[0.32831325, 0.34638554, 0.3689759 , 0.31626506, 0.37048193]]), array([[0.32981928, 0.34789157, 0.3689759 , 0.31777108, 0.37198795]]), array([[0.32228916, 0.34487952, 0.36596386, 0.31475904, 0.36596386]]), array([[0.32981928, 0.34337349, 0.35993976, 0.31475904, 0.36295181]]), array([[0.3313253 , 0.34638554, 0.375     , 0.31475904, 0.3810241 ]]), array([[0.3313253 , 0.34789157, 0.37048193, 0.31475904, 0.38554217]]), array([[0.32680723, 0.34939759, 0.37048193, 0.31325301, 0.37801205]]), array([[0.3313253 , 0.34939759, 0.3689759 , 0.31325301, 0.375     ]]), array([[0.32831325, 0.34789157, 0.36295181, 0.31325301, 0.37198795]]), array([[0.32831325, 0.34789157, 0.36295181, 0.31325301, 0.36746988]]), array([[0.32831325, 0.34789157, 0.36445783, 0.31325301, 0.37048193]]), array([[0.33283133, 0.35090361, 0.36144578, 0.31325301, 0.36746988]]), array([[0.33433735, 0.35240964, 0.36746988, 0.31325301, 0.3689759 ]]), array([[0.33433735, 0.34939759, 0.36295181, 0.31325301, 0.3689759 ]]), array([[0.33283133, 0.34487952, 0.36445783, 0.31325301, 0.3689759 ]]), array([[0.33283133, 0.35240964, 0.3689759 , 0.31325301, 0.37349398]]), array([[0.31475904, 0.35090361, 0.32228916, 0.31927711, 0.35391566]]), array([[0.31475904, 0.34487952, 0.32680723, 0.31927711, 0.35843373]]), array([[0.31777108, 0.34638554, 0.32831325, 0.31927711, 0.35843373]]), array([[0.31927711, 0.34638554, 0.33283133, 0.31927711, 0.35993976]]), array([[0.32078313, 0.34789157, 0.33283133, 0.17771084, 0.29819277]])]
